api:abc
token[]:0xDd4dAb852E8c37E76D79b6b15A4089c4b165B278
token[]:0xDd4dAb852E8c37E76D79b6b15A4089c4b165B278
address[0]:0x3765f1dfF646C62990d482160C6690Dfb3271616
address[0]:0x597F63863923cbe273F3D22DF887E253F14E2EC9
amount[0]:0.000001
amount[0]:0.000003
address[1]:0x3765f1dfF646C62990d482160C6690Dfb3271616
address[1]:0x3765f1dfF646C62990d482160C6690Dfb3271616
address[1]:0x597F63863923cbe273F3D22DF887E253F14E2EC9
amount[1]:0.000007
amount[1]:0.000001
amount[1]:0.000002